::Q_TIKIMYBES1::\nAAATGAA
\nTAGGACC\nA: A:0.01315981776416475 T:0.5325804777519455 G:0.21217745224282292 C:0.24208225224106683 
\nT: A:0.3682070338867024 T:0.3568082637504184 G:0.13483064046911397 C:0.14015406189376522 
\nG: A:0.6282195562271472 T:0.01266763808389082 G:0.18209358654156205 C:0.17701921914739993 
\nC: A:0.1890167739915517 T:0.3676332616465451 G:0.3913331854436437 C:0.05201677891825951 
\n{=7.3817664411361935e-06}

::Q_TIKIMYBES2::\nAGGACAT
\nCTTCTGC\nA: A:0.18149382345755272 T:0.43115559080661303 G:0.16753327828335507 C:0.21981730745247918 
\nT: A:0.2182623256738918 T:0.1332192481217529 G:0.5381751517646958 C:0.11034327443965952 
\nG: A:0.26146534207094585 T:0.16009271785025125 G:0.14916775163466334 C:0.42927418844413956 
\nC: A:0.682953575530384 T:0.1852399809845111 G:0.0704760141934464 C:0.06133042929165844 
\n{=4.2408079465155745e-06}

::Q_TIKIMYBES3::\nCGGG
\nTCCT\nA: A:0.03794185003774353 T:0.8270005572742145 G:0.061249080077735996 C:0.07380851261030597 
\nT: A:0.32627724861284646 T:0.0437996059433009 G:0.0033314305329190663 C:0.6265917149109336 
\nG: A:0.14062835575535693 T:0.25651451181865437 G:0.02857403010893622 C:0.5742831023170525 
\nC: A:0.25815711960882126 T:0.03563726577980009 G:0.3899834464623514 C:0.31622216814902726 
\n{=0.003014868617555339}

::Q_TIKIMYBES4::\nGGGGGG
\nAAAATT\nA: A:0.09314953624345745 T:0.7900853459651689 G:0.10750354678696306 C:0.009261571004410607 
\nT: A:0.31830434751939796 T:0.6165929370203649 G:0.002981030906403559 C:0.0621216845538336 
\nG: A:0.062275315187331426 T:0.5522490489705073 G:0.15569201555875867 C:0.2297836202834026 
\nC: A:0.16472423702257732 T:0.09947171461523585 G:0.2653558161576597 C:0.47044823220452714 
\n{=4.587052284149787e-06}

::Q_TIKIMYBES5::\nGAAT
\nTAAC\nA: A:0.030568023248900955 T:0.12896258516143788 G:0.7918376925647311 C:0.04863169902493003 
\nT: A:0.09931743086171974 T:0.014404395815465376 G:0.2647117896803327 C:0.6215663836424822 
\nG: A:0.31261904026264087 T:0.05791022766517728 G:0.1201625694519981 C:0.5093081626201837 
\nC: A:0.3821401549828495 T:0.19807244596769835 G:0.19369375911170672 C:0.22609363993774545 
\n{=3.36339210666227e-05}

::Q_TIKIMYBES6::\nTAC
\nCGG\nA: A:0.4689754030037949 T:0.19543377544840645 G:0.21879073999531373 C:0.11680008155248489 
\nT: A:0.024435113000022435 T:0.3697101229702363 G:0.44954938457471405 C:0.1563053794550272 
\nG: A:0.392432484022293 T:0.2324994418468398 G:0.3097209326018585 C:0.06534714152900867 
\nC: A:0.10649207132090988 T:0.39859097606884186 G:0.15257778370052122 C:0.34233916890972704 
\n{=0.005217880929707947}

::Q_TIKIMYBES7::\nAGTA
\nAAAT\nA: A:0.23102667528950271 T:0.15309214103121738 G:0.5260150394090115 C:0.0898661442702684 
\nT: A:0.2527829187590671 T:0.5943680419340215 G:0.07179441625193606 C:0.08105462305497535 
\nG: A:0.025550587659194823 T:0.8575738073473886 G:0.025418331209791867 C:0.09145727378362467 
\nC: A:0.11541590334574114 T:0.1460887587205557 G:0.01567491111959396 C:0.7228204268141092 
\n{=0.00022843552425552195}

::Q_TIKIMYBES8::\nGCAT
\nGGAC\nA: A:0.22028582734958257 T:0.3080768779941373 G:0.0756228028755297 C:0.39601449178075043 
\nT: A:0.1835482722952405 T:0.38422207728341795 G:0.039843414847088865 C:0.3923862355742527 
\nG: A:0.03929965989939299 T:0.39547915344182427 G:0.4276558132854422 C:0.13756537337334052 
\nC: A:0.015185340353363053 T:0.18493385674088547 G:0.3928172029441306 C:0.4070635999616209 
\n{=0.014520621327294004}

::Q_TIKIMYBES9::\nTAGTCCT
\nGATATGT\nA: A:0.030981161439736393 T:0.29220913245253866 G:0.2790892698708546 C:0.39772043623687037 
\nT: A:0.3837913799676669 T:0.1573743644999268 G:0.15316254275657581 C:0.3056717127758305 
\nG: A:0.45786732487086423 T:0.05101380146098289 G:0.287047635331096 C:0.20407123833705687 
\nC: A:0.10925069160049894 T:0.026587913224320858 G:0.6608196058090556 C:0.20334178936612457 
\n{=2.568823869084388e-07}

::Q_TIKIMYBES10::\nAATGA
\nTTTTT\nA: A:0.18542219565030582 T:0.008378692336700078 G:0.3733999609581701 C:0.432799151054824 
\nT: A:0.6600874239657883 T:0.00829719734342027 G:0.055383329572246565 C:0.2762320491185448 
\nG: A:0.5153816075836172 T:0.2220915540524585 G:0.12264247927408922 C:0.1398843590898351 
\nC: A:0.029432820054700937 T:0.043520398107982916 G:0.013144749711259895 C:0.9139020321260563 
\n{=1.0839074298775828e-09}

::Q_TIKIMYBES11::\nTGGT
\nCCAC\nA: A:0.35403905659853907 T:0.22872256518041922 G:0.17625267943570533 C:0.24098569878533638 
\nT: A:0.07337894607624018 T:0.16786592774933717 G:0.6857943750018045 C:0.07296075117261813 
\nG: A:0.23307116049503784 T:0.27729813896073485 G:0.16377126313997614 C:0.32585943740425116 
\nC: A:0.3234487702593971 T:0.5514495438205202 G:0.11648295197667724 C:0.008618733943405399 
\n{=0.00040429412949965013}

::Q_TIKIMYBES12::\nACAT
\nCTGG\nA: A:0.14974731604658909 T:0.4428546471118121 G:0.30500194175387063 C:0.10239609508772818 
\nT: A:0.3302469234807639 T:0.26056117572711934 G:0.35641197548578796 C:0.0527799253063288 
\nG: A:0.5132332408727377 T:0.011173140627126488 G:0.43085192212539514 C:0.04474169637474068 
\nC: A:0.10534120691983473 T:0.7702297259939577 G:0.1035188742130162 C:0.020910192873191402 
\n{=0.008573508105911263}

::Q_TIKIMYBES13::\nACAG
\nTTCC\nA: A:0.2362530632400739 T:0.5551020953687369 G:0.10037197668609543 C:0.10827286470509379 
\nT: A:0.5652057493239013 T:0.0816107095462002 G:0.03299730653384236 C:0.3201862345960561 
\nG: A:0.6270728025378215 T:0.009545827565372589 G:0.02258184582265854 C:0.3407995240741474 
\nC: A:0.24772790059959304 T:0.12118969665024959 G:0.014998263859619665 C:0.6160841388905377 
\n{=0.0024823166040940526}

::Q_TIKIMYBES14::\nATT
\nAGT\nA: A:0.4208811835775961 T:0.2912970971958918 G:0.08589894143514021 C:0.2019227777913719 
\nT: A:0.5197611490520637 T:0.21827544612979688 G:0.06872953746551058 C:0.19323386735262882 
\nG: A:0.047257530349799404 T:0.23440628557935217 G:0.2852353558149856 C:0.4331008282558628 
\nC: A:0.3452531090034766 T:0.1946324713886688 G:0.12455162127018116 C:0.33556279833767344 
\n{=0.006314047080077537}

::Q_TIKIMYBES15::\nCAT
\nAAA\nA: A:0.28905545787015685 T:0.5009887207401518 G:0.023957832619210806 C:0.18599798877048057 
\nT: A:0.12998951402742875 T:0.45729152495971837 G:0.0722471043129781 C:0.3404718566998748 
\nG: A:0.39565208005624697 T:0.27768881265932743 G:0.27192644289935086 C:0.054732664385074736 
\nC: A:0.17510993922190987 T:0.33569227414554736 G:0.20840649837195357 C:0.2807912882605892 
\n{=0.006579612112663278}

::Q_TIKIMYBES16::\nACGT
\nGTCT\nA: A:0.4283773671625133 T:0.1221220314717475 G:0.3908882124948806 C:0.05861238887085862 
\nT: A:0.150287676604152 T:0.09150179255347557 G:0.720074787411782 C:0.03813574343059045 
\nG: A:0.09711697338470282 T:0.32985949895666233 G:0.13104593312991453 C:0.4419775945287203 
\nC: A:0.06265290068016671 T:0.21747003123677 G:0.39632901016765265 C:0.32354805791541064 
\n{=0.003437809814379941}

::Q_TIKIMYBES17::\nTTCTTTT
\nCGGAGGG\nA: A:0.6655196846200508 T:0.14269768745241118 G:0.04520220252188223 C:0.14658042540565575 
\nT: A:0.28480941387440684 T:0.12761588645631683 G:0.46417847703982307 C:0.12339622262945327 
\nG: A:0.18893053615691735 T:0.17029554427503857 G:0.1905118765095445 C:0.4502620430584996 
\nC: A:0.4605792169241729 T:0.0035775248753214806 G:0.21299485130286755 C:0.32284840689763805 
\n{=0.00034750840091520084}

::Q_TIKIMYBES18::\nAGG
\nCAC\nA: A:0.1845132810403295 T:0.03725061481831615 G:0.5249264836578453 C:0.253309620483509 
\nT: A:0.28280072155169844 T:0.03394251819521732 G:0.48876766493108315 C:0.1944890953220011 
\nG: A:0.31385790709340333 T:0.43514150296802523 G:0.004015685465386998 C:0.24698490447318444 
\nC: A:0.8337652462692011 T:0.07259952400150538 G:0.08833082506223577 C:0.005304404667057727 
\n{=0.019636097007799762}

::Q_TIKIMYBES19::\nCGTC
\nCGTC\nA: A:0.17827336017259232 T:0.4159884814100816 G:0.14649836485832968 C:0.2592397935589964 
\nT: A:0.3848074878659704 T:0.03353732905328399 G:0.18441423509084443 C:0.39724094798990117 
\nG: A:0.23754415101186666 T:0.026862551428420423 G:0.5095169103879177 C:0.22607638717179523 
\nC: A:0.7070782627506559 T:0.03363314476738022 G:0.04422360332370168 C:0.21506498915826222 
\n{=0.0007903628296639811}

::Q_TIKIMYBES20::\nTGG
\nTCC\nA: A:0.13889805364812602 T:0.5193085356474243 G:0.34138891738604693 C:0.0004044933184027544 
\nT: A:0.7810057002668352 T:0.1384729052470446 G:0.04703042015359704 C:0.03349097433252313 
\nG: A:0.24841421412203102 T:0.20532239006542918 G:0.49391896795478896 C:0.05234442785775084 
\nC: A:0.4727563683523679 T:0.28981993674012974 G:0.11395842933270506 C:0.12346526557479731 
\n{=0.0003794073312203272}

::Q_TIKIMYBES21::\nAGA
\nAAA\nA: A:0.20473369135132846 T:0.305071672999336 G:0.23621534823610246 C:0.25397928741323306 
\nT: A:0.7408296905239884 T:0.12326005601846379 G:0.04524876971983138 C:0.09066148373771643 
\nG: A:0.034522655616905484 T:0.5880006136153391 G:0.2594853742763339 C:0.11799135649142156 
\nC: A:0.1950555133057882 T:0.3550760197936482 G:0.010720755301475648 C:0.43914771159908794 
\n{=0.001447047641133405}

::Q_TIKIMYBES22::\nAACTC
\nTGCTT\nA: A:0.48111549189535474 T:0.21202466370463802 G:0.19439477662135185 C:0.11246506777865539 
\nT: A:0.2037059248854859 T:0.48284274791012927 G:0.07722118969645075 C:0.2362301375079341 
\nG: A:0.061904435579277384 T:0.3593436412791501 G:0.2887092693664157 C:0.2900426537751568 
\nC: A:0.014556457985981264 T:0.30280117086441305 G:0.3019662143863857 C:0.38067615676322 
\n{=0.002293981511982558}

::Q_TIKIMYBES23::\nGTGACC
\nCGACCC\nA: A:0.036715416827674985 T:0.19291444488974763 G:0.3415107472684328 C:0.4288593910141446 
\nT: A:0.30584623445988746 T:0.2842328465919286 G:0.2368335135820564 C:0.17308740536612754 
\nG: A:0.043913733940292965 T:0.08577861220554106 G:0.044881488982489004 C:0.825426164871677 
\nC: A:0.23144179100060536 T:0.29126256074434775 G:0.43988728501370045 C:0.03740836324134644 
\n{=5.151979109534685e-06}

::Q_TIKIMYBES24::\nCGCT
\nCGAA\nA: A:0.5691080199559209 T:0.20977260328244585 G:0.04853248618186634 C:0.17258689057976695 
\nT: A:0.10277477454374861 T:0.1850778930877499 G:0.12751675019558562 C:0.5846305821729159 
\nG: A:0.5723436695169709 T:0.1783477002611521 G:0.011001369546852047 C:0.23830726067502495 
\nC: A:0.2216399422109968 T:0.52140513455868 G:0.050355136560546465 C:0.20659978666977674 
\n{=5.1773936062119744e-05}

::Q_TIKIMYBES25::\nACGCCAA
\nACTCCGA\nA: A:0.3093607094404702 T:0.05507883664298663 G:0.3277129409186623 C:0.3078475129978808 
\nT: A:0.3946903994659866 T:0.3885561178160528 G:0.0023318856835677915 C:0.21442159703439279 
\nG: A:0.290459569850285 T:0.2053135545805752 G:0.12638453451044285 C:0.37784234105869696 
\nC: A:0.08629139865469049 T:0.7003494253284871 G:0.0434278323852203 C:0.16993134363160212 
\n{=3.159817481290953e-05}

::Q_TIKIMYBES26::\nTAGAA
\nCTTCC\nA: A:0.04475993511891785 T:0.609782389744938 G:0.22822234245896844 C:0.11723533267717567 
\nT: A:0.27733780830268717 T:0.1520074416850996 G:0.3924517601542926 C:0.1782029898579206 
\nG: A:0.557833100808397 T:0.2713224978110451 G:0.1570927432132927 C:0.013751658167265202 
\nC: A:0.07530411152234684 T:0.07649972688049145 G:0.3501396214690189 C:0.4980565401281428 
\n{=0.0004052217158102936}

::Q_TIKIMYBES27::\nGCCCA
\nTGCAA\nA: A:0.2057602542335495 T:0.2843983289489681 G:0.4720444986938874 C:0.03779691812359498 
\nT: A:0.27684626600142814 T:0.3205544914432219 G:0.36123264124060894 C:0.041366601314741014 
\nG: A:0.43288022207299026 T:0.02296579049443903 G:0.08677144649065849 C:0.4573825409419122 
\nC: A:0.6727237679803499 T:0.015655788916028923 G:0.23018217125943463 C:0.0814382718441865 
\n{=5.959089250985201e-05}

::Q_TIKIMYBES28::\nCATTTATA
\nGCGGTCGT\nA: A:0.3324010641613424 T:0.23886666940345858 G:0.2836132774235437 C:0.14511898901165532 
\nT: A:0.07987083413601304 T:0.0671087722277337 G:0.5622497157833865 C:0.2907706778528668 
\nG: A:0.21397352364081224 T:0.03318212233673412 G:0.638524231825661 C:0.11432012219679266 
\nC: A:0.0026530651695279017 T:0.6823581593879576 G:0.24784002872420663 C:0.06714874671830784 
\n{=1.4871080352374267e-05}

::Q_TIKIMYBES29::\nGTCTCAT
\nGTAATAC\nA: A:0.39763462434562324 T:0.2514661372482877 G:0.19523115794960078 C:0.15566808045648828 
\nT: A:0.0910704149033994 T:0.07902765322354499 G:0.7294425262479688 C:0.10045940562508682 
\nG: A:0.2936868722617224 T:0.36809125954560773 G:0.16928310928516477 C:0.1689387589075051 
\nC: A:0.4066707408190203 T:0.4455708906479938 G:0.1404570198560673 C:0.007301348676918562 
\n{=8.818699891734882e-06}

::Q_TIKIMYBES30::\nGGGTTT
\nTTTGTC\nA: A:0.41450040121726917 T:0.22378305248055985 G:0.12156244311197506 C:0.24015410319019592 
\nT: A:0.5044389353613641 T:0.08209697367784341 G:0.21916754520274573 C:0.19429654575804678 
\nG: A:0.16135701085264764 T:0.6359047339900906 G:0.06044394971601186 C:0.14229430544124988 
\nC: A:0.020070981127793597 T:0.016944112029800618 G:0.6165691190613407 C:0.3464157877810651 
\n{=0.0008989688543302544}

::Q_TIKIMYBES31::\nCGAGAAC
\nTTTCCTC\nA: A:0.6180826005473008 T:0.2654370009325272 G:0.017275646734017047 C:0.09920475178615495 
\nT: A:0.40414108808788773 T:0.4398474808053916 G:0.14977659014780242 C:0.006234840958918242 
\nG: A:0.2632637105703137 T:0.05181929456558365 G:0.0776594719125262 C:0.6072575229515764 
\nC: A:0.5125170102504977 T:0.08732447692927325 G:0.09442512935456526 C:0.3057333834656638 
\n{=5.872170461140505e-06}

::Q_TIKIMYBES32::\nCGTTA
\nAGGCT\nA: A:0.07085280559942309 T:0.17878951365533757 G:0.4243592870602855 C:0.32599839368495387 
\nT: A:0.6160689875308832 T:0.20642798080623026 G:0.009603587198970032 C:0.16789944446391647 
\nG: A:0.1507275399225052 T:0.4563440308674209 G:0.07234437025781792 C:0.32058405895225595 
\nC: A:0.40346220792815934 T:0.11008124826897936 G:0.48183951996087715 C:0.004617023841984147 
\n{=8.414578912746396e-06}

::Q_TIKIMYBES33::\nACGCC
\nCGGAC\nA: A:0.23022978545002903 T:0.11153541068705375 G:0.011210476747224862 C:0.6470243271156924 
\nT: A:0.17111327808889565 T:0.7008227570557923 G:0.03863686712056369 C:0.08942709773474833 
\nG: A:0.44195900851408654 T:0.028083796288858598 G:0.05896474108263716 C:0.4709924541144177 
\nC: A:0.29457139791426845 T:0.04946330920921371 G:0.28967932085260684 C:0.366285972023911 
\n{=0.001192453249572466}

::Q_TIKIMYBES34::\nACTCACTG
\nCAAGATAT\nA: A:0.11603766476752442 T:0.6130583178779243 G:0.22638561436622784 C:0.044518402988323436 
\nT: A:0.3008000927560712 T:0.2796206785188765 G:0.0019934610748559844 C:0.4175857676501963 
\nG: A:0.049846730910714676 T:0.41451722431868676 G:0.4045440417488986 C:0.1310920030217 
\nC: A:0.11880277377695936 T:0.03685343550285447 G:0.4619606448968592 C:0.382383145823327 
\n{=3.9187414307652505e-07}

::Q_TIKIMYBES35::\nTGGGGGA
\nGGTCCAG\nA: A:0.10422253416640614 T:0.16703142376472757 G:0.12735576765758028 C:0.601390274411286 
\nT: A:0.0417510690328734 T:0.16549051180468966 G:0.2950237252490009 C:0.49773469391343605 
\nG: A:0.07169492594203186 T:0.13181861843240783 G:0.33330556584543025 C:0.46318088978013006 
\nC: A:0.4113552679307805 T:0.31001679339646515 G:0.16050311516233184 C:0.11812482351042253 
\n{=2.5391278434458176e-05}

::Q_TIKIMYBES36::\nGAGAATCT
\nCTCCTTAT\nA: A:0.40653330224065065 T:0.04204721357955987 G:0.31623114322312307 C:0.2351883409566664 
\nT: A:0.2144357576110948 T:0.15612868885030262 G:0.24391574316122366 C:0.3855198103773789 
\nG: A:0.3403681258133553 T:0.12415381583977991 G:0.5142413332230291 C:0.021236725123835676 
\nC: A:0.15387940547644918 T:0.07373418324417313 G:0.2509382136603777 C:0.521448197619 
\n{=7.034143871810606e-10}

::Q_TIKIMYBES37::\nCTTCCG
\nGCAGGA\nA: A:0.004930745907741674 T:0.26929040675366667 G:0.3393109182845433 C:0.38646792905404836 
\nT: A:0.020727803324289695 T:0.206440036518456 G:0.24894781914122366 C:0.5238843410160307 
\nG: A:0.10432289585833376 T:0.4170799724400428 G:0.267515454756446 C:0.21108167694517743 
\nC: A:0.06510072731068395 T:0.24047707961218823 G:0.6886711791212751 C:0.005751013955852757 
\n{=0.00037000198595853206}

::Q_TIKIMYBES38::\nCTGATTC
\nGAGAACC\nA: A:0.08200229841390871 T:0.04360009290040079 G:0.6007832666535693 C:0.2736143420321212 
\nT: A:0.19905766711267847 T:0.1970938297805359 G:0.341905385973709 C:0.2619431171330766 
\nG: A:0.39005345632495325 T:0.012102467426146069 G:0.20219992429198785 C:0.3956441519569128 
\nC: A:0.3611868217051488 T:0.004760702267731398 G:0.5049319688918774 C:0.12912050713524237 
\n{=1.1220182385018302e-05}

::Q_TIKIMYBES39::\nTTC
\nTCT\nA: A:0.20596938359850558 T:0.3119540891924687 G:0.30442166508323587 C:0.17765486212578985 
\nT: A:0.23573905387325123 T:0.012901879262349203 G:0.03641401776514497 C:0.7149450490992546 
\nG: A:0.04040865557644113 T:0.232090157823306 G:0.6886871490067925 C:0.03881403759346036 
\nC: A:0.32842491077689084 T:0.23376113224605832 G:0.16120225719951164 C:0.2766116997775392 
\n{=0.0021562441720916524}

::Q_TIKIMYBES40::\nGGTCA
\nCAAGG\nA: A:0.053747207525788765 T:0.4094295921563865 G:0.36468014457828957 C:0.17214305573953514 
\nT: A:0.36528126367207636 T:0.030721591966559214 G:0.020353653769310975 C:0.5836434905920534 
\nG: A:0.11307042342570572 T:0.26842029966105396 G:0.5969378888391992 C:0.02157138807404113 
\nC: A:0.025989661875057246 T:0.4384047734546396 G:0.3679348029904901 C:0.1676707616798131 
\n{=0.00011954667325525101}

::Q_TIKIMYBES41::\nGCGTGTG
\nTTCCATA\nA: A:0.14728641556512634 T:0.008368512278049134 G:0.06364253352708182 C:0.7807025386297427 
\nT: A:0.1875861106536868 T:0.11153478750087009 G:0.3405423092111195 C:0.3603367926343236 
\nG: A:0.08093621731238632 T:0.396412097492838 G:0.1044887453115565 C:0.4181629398832192 
\nC: A:0.14440351858576572 T:0.28462193131278424 G:0.32029482312084323 C:0.2506797269806068 
\n{=1.2421257358118933e-05}

::Q_TIKIMYBES42::\nCGCGCG
\nCGACCT\nA: A:0.1858660389651159 T:0.5157259244312314 G:0.14006617636737984 C:0.15834186023627284 
\nT: A:0.13042776646764642 T:0.2673561174186361 G:0.03853733453963182 C:0.5636787815740857 
\nG: A:0.18815368299836221 T:0.2122894978694897 G:0.08132011401133876 C:0.5182367051208093 
\nC: A:0.12010121011750563 T:0.4140099494492705 G:0.2526332439592285 C:0.2132555964739954 
\n{=4.886556401361124e-05}

::Q_TIKIMYBES43::\nCGT
\nACT\nA: A:0.39867197941107213 T:0.03284869366752308 G:0.4782853127476967 C:0.09019401417370809 
\nT: A:0.2690636289702991 T:0.14248737818784807 G:0.0805937886913658 C:0.507855204150487 
\nG: A:0.01205859704873169 T:0.1369988734687797 G:0.8025469337673805 C:0.0483955957151081 
\nC: A:0.2844527748477149 T:0.4359126228908159 G:0.07739148644443294 C:0.20224311581703625 
\n{=0.001961518507382241}

::Q_TIKIMYBES44::\nATTGCA
\nTCAAGG\nA: A:0.036097016399252446 T:0.3163751222489627 G:0.6274300365359824 C:0.020097824815802467 
\nT: A:0.27667774697712133 T:0.24995031896395425 G:0.2748242124118073 C:0.1985477216471171 
\nG: A:0.21624751960903943 T:0.06585981095285831 G:0.45669599744626155 C:0.2611966719918407 
\nC: A:0.2599977156802291 T:0.42027675957927846 G:0.013192671327435068 C:0.30653285341305736 
\n{=3.1109329260841224e-05}

::Q_TIKIMYBES45::\nGGCGGCAT
\nAGGAAGGC\nA: A:0.2737467595666272 T:0.16500101394303446 G:0.09457698188533137 C:0.466675244605007 
\nT: A:0.0027205875660911705 T:0.6166844768395825 G:0.05830152488954887 C:0.32229341070477746 
\nG: A:0.2045651975157069 T:0.1920881854153922 G:0.25411860618821513 C:0.3492280108806858 
\nC: A:0.043344828284542114 T:0.03579520303336414 G:0.8811376301451904 C:0.03972233853690332 
\n{=5.1482080344432265e-05}

::Q_TIKIMYBES46::\nGTGATACA
\nATAACACC\nA: A:0.5081298328514996 T:0.08308209067474381 G:0.11537118826110482 C:0.29341688821265177 
\nT: A:0.041212563913466616 T:0.3693917499251641 G:0.43539440381199257 C:0.1540012823493767 
\nG: A:0.008200050422446203 T:0.15841894542533608 G:0.811034378188362 C:0.022346625963855726 
\nC: A:0.5774871310577497 T:0.27112638958215984 G:0.11229509278345295 C:0.039091386576637466 
\n{=1.1328180068106354e-08}

::Q_TIKIMYBES47::\nAAA
\nCGG\nA: A:0.3405940516173377 T:0.3125971495394213 G:0.1392145195984127 C:0.20759427924482832 
\nT: A:0.35390592308016355 T:0.3556355364832844 G:0.23594326768371188 C:0.05451527275284018 
\nG: A:0.007355991873536305 T:0.1307307519684643 G:0.8495399679844831 C:0.01237328817351635 
\nC: A:0.3225409407797364 T:0.12926827353807346 G:0.2661105137313602 C:0.28208027195082996 
\n{=0.00402331880801324}

::Q_TIKIMYBES48::\nCGCGACTT
\nATTGGAGG\nA: A:0.02461154355166706 T:0.5667223234011458 G:0.2502252568889789 C:0.15844087615820823 
\nT: A:0.4360175924052795 T:0.31715446712622053 G:0.08258807593749629 C:0.1642398645310037 
\nG: A:0.05027257938744811 T:0.3103516908395124 G:0.6131929811724561 C:0.02618274860058334 
\nC: A:0.12636490437768388 T:0.2345733743372831 G:0.5747122671554399 C:0.06434945412959314 
\n{=1.2166027475642032e-06}

::Q_TIKIMYBES49::\nAAGCA
\nATAGA\nA: A:0.07853997252384592 T:0.6162632529756746 G:0.030037649373130804 C:0.27515912512734864 
\nT: A:0.08527845428882319 T:0.492411867516683 G:0.03685620415540747 C:0.38545347403908636 
\nG: A:0.1785379156413306 T:0.3760552934231819 G:0.06107366296933836 C:0.38433312796614916 
\nC: A:0.3153610807914933 T:0.07530843767436601 G:0.5708157109268919 C:0.03851477060724884 
\n{=0.00038741295584832503}

::Q_TIKIMYBES50::\nGATGG
\nTGGTG\nA: A:0.1228782464385707 T:0.038884767756520056 G:0.10353356639796463 C:0.7347034194069446 
\nT: A:0.4833660517018582 T:0.15747269430511046 G:0.06398653540867838 C:0.29517471858435296 
\nG: A:0.24885508228748032 T:0.2754328590398296 G:0.42447481226515205 C:0.05123724640753802 
\nC: A:0.17532191542918552 T:0.5047464371943311 G:0.17548275348514486 C:0.14444889389133853 
\n{=0.0002133306198629688}

